image_width: 640
image_height: 480
camera_name: camera
camera_matrix:
  rows: 3
  cols: 3
  data: [509.002395, 0.000000, 327.562293, 0.000000, 506.358721, 245.259233, 0.000000, 0.000000, 1.000000]
distortion_model: plumb_bob
distortion_coefficients:
  rows: 1
  cols: 5
  data: [0.183372, -0.312891, -0.001562, 0.005458, 0.000000]
rectification_matrix:
  rows: 3
  cols: 3
  data: [1.000000, 0.000000, 0.000000, 0.000000, 1.000000, 0.000000, 0.000000, 0.000000, 1.000000]
projection_matrix:
  rows: 3
  cols: 4
  data: [521.060059, 0.000000, 331.136252, 0.000000, 0.000000, 521.592163, 244.694909, 0.000000, 0.000000, 0.000000, 1.000000, 0.000000]
